2.50000	0.12000	22.79617	0.14957
2.50000	0.15200	21.80327	0.14134
2.50000	0.18400	22.29426	0.13497
2.50000	0.21600	23.67495	0.13551
2.50000	0.24800	25.45445	0.13858
2.50000	0.28000	27.02786	0.14718
2.50000	0.31200	27.73421	0.15690
2.50000	0.34400	27.29487	0.16621
2.50000	0.37600	25.44821	0.17104
2.50000	0.40800	24.35105	0.16937
2.50000	0.44000	22.77749	0.16325
2.50000	0.47200	22.39422	0.15755
2.50000	0.50400	22.43980	0.15259
2.50000	0.53600	23.49500	0.15122
2.50000	0.56800	25.06286	0.15606
2.50000	0.60000	26.53097	0.16044
2.50000	0.63200	26.90401	0.16741
2.50000	0.66400	26.65513	0.17348
2.50000	0.69600	25.33411	0.18002
2.50000	0.72800	24.21482	0.17726
2.50000	0.76000	22.99827	0.17466
2.50000	0.79200	22.48578	0.17169
2.50000	0.82400	22.92573	0.16655
2.50000	0.85600	23.39372	0.16335
2.50000	0.88800	24.63220	0.17132
2.50000	0.92000	25.92543	0.17309
2.50000	0.95200	25.71928	0.17858
2.50000	0.98400	25.77108	0.18312
2.50000	1.01600	24.93775	0.18918
2.50000	1.04800	24.22929	0.18543
2.50000	1.08000	23.41691	0.18512
2.50000	1.11200	22.77110	0.18051
2.50000	1.14400	22.67780	0.18322
2.50000	1.17600	23.31585	0.18352
2.50000	1.20800	24.14076	0.18293
2.50000	1.24000	25.10873	0.18880
2.50000	1.27200	25.61253	0.19514
2.50000	1.30400	25.31040	0.19757
2.50000	1.33600	25.08119	0.20035
2.50000	1.36800	24.29722	0.19857
2.50000	1.40000	23.16765	0.20014
2.50000	1.43200	22.61598	0.19713
2.50000	1.46400	22.76520	0.19952
2.50000	1.49600	23.70552	0.19943
2.50000	1.52800	23.81435	0.20386
2.50000	1.56000	24.46413	0.20598
2.50000	1.59200	24.53851	0.20865
2.50000	1.62400	24.53626	0.21361
2.50000	1.65600	24.63045	0.21533
2.50000	1.68800	23.57051	0.21418
2.50000	1.72000	23.59326	0.21252
2.50000	1.75200	22.70685	0.21246
2.50000	1.78400	22.98141	0.21359
2.50000	1.81600	23.31386	0.21323
2.50000	1.84800	23.29481	0.21679
2.50000	1.88000	24.28582	0.22586
2.50000	1.91200	24.18245	0.23033
2.50000	1.94400	24.44823	0.23219
2.50000	1.97600	23.99414	0.23464
2.50000	2.00800	23.37787	0.23363
2.50000	2.04000	23.21918	0.23002
2.50000	2.07200	22.62263	0.22486
2.50000	2.10400	22.80309	0.22932
2.50000	2.13600	23.24582	0.23403
2.50000	2.16800	23.43757	0.23506
2.50000	2.20000	23.90814	0.24209
2.50000	2.23200	24.09903	0.24796
2.50000	2.26400	23.57209	0.25131
2.50000	2.29600	23.46604	0.24838
2.50000	2.32800	23.27837	0.24456
2.50000	2.36000	23.34462	0.24333
2.50000	2.39200	22.34072	0.25030
2.50000	2.42400	22.68048	0.25021
2.50000	2.45600	22.36131	0.25497
2.50000	2.48800	23.28741	0.24956
2.50000	2.52000	23.30489	0.25709
2.50000	2.55200	24.37835	0.26970
2.50000	2.58400	23.75060	0.26576
2.50000	2.61600	23.51505	0.27184
2.50000	2.64800	23.57228	0.26573
2.50000	2.68000	22.98807	0.25978
2.50000	2.71200	21.71893	0.26545
2.50000	2.74400	22.74913	0.26540
2.50000	2.77600	22.23661	0.26463
2.50000	2.80800	23.34177	0.27218
2.50000	2.84000	22.94807	0.27748
2.50000	2.87200	23.43545	0.28585
2.50000	2.90400	23.63632	0.29460
2.50000	2.93600	22.88720	0.28800
2.50000	2.96800	23.45518	0.29041
2.50000	3.00000	21.92730	0.29103
2.50000	3.03200	22.13317	0.28987
2.50000	3.06400	22.79096	0.28959
2.50000	3.09600	22.44857	0.29778
2.50000	3.12800	22.58758	0.29873
2.50000	3.16000	22.74623	0.30916
2.50000	3.19200	22.71619	0.31414
2.50000	3.22400	23.07383	0.30788
2.50000	3.25600	22.92943	0.31623
2.50000	3.28800	22.53517	0.30767
2.50000	3.32000	23.22059	0.31730
2.50000	3.35200	22.38569	0.30443
2.50000	3.38400	22.19993	0.30767
2.50000	3.41600	22.87461	0.30936
2.50000	3.44800	22.43794	0.31538
2.50000	3.48000	22.74073	0.31563
2.50000	3.51200	22.60596	0.32054
2.50000	3.54400	22.08848	0.33609
2.50000	3.57600	22.39582	0.33659
2.50000	3.60800	22.04458	0.33777
2.50000	3.64000	22.63203	0.33521
2.50000	3.67200	22.21372	0.33111
2.50000	3.70400	22.34728	0.34116
2.50000	3.73600	21.68796	0.33802
2.50000	3.76800	22.87162	0.34167
2.50000	3.80000	22.05949	0.34811
2.50000	3.83200	22.75906	0.35277
2.50000	3.86400	22.20494	0.36090
2.50000	3.89600	21.97786	0.35723
2.50000	3.92800	22.11376	0.34894
2.50000	3.96000	22.00949	0.36462
2.50000	3.99200	22.07192	0.35427
2.50000	4.02400	21.65012	0.35589
2.50000	4.05600	21.54792	0.36300
2.50000	4.08800	22.55367	0.35550
2.50000	4.12000	21.88971	0.37909
2.50000	4.15200	22.31981	0.38540
2.50000	4.18400	22.08555	0.38612
2.50000	4.21600	22.39651	0.39837
2.50000	4.24800	21.98834	0.39626
2.50000	4.28000	22.18812	0.38130
2.50000	4.31200	22.08714	0.39784
2.50000	4.34400	22.27424	0.38063
2.50000	4.37600	21.47779	0.37706
2.50000	4.40800	21.42716	0.39075
2.50000	4.44000	22.41998	0.38962
2.50000	4.47200	21.16430	0.40617
2.50000	4.50400	21.69750	0.41163
2.50000	4.53600	22.07956	0.43115
2.50000	4.56800	22.53645	0.42527
2.50000	4.60000	22.60127	0.42168
2.50000	4.63200	21.45762	0.41382
2.50000	4.66400	21.76806	0.42833
2.50000	4.69600	21.21929	0.42591
2.50000	4.72800	22.37312	0.41945
2.50000	4.76000	21.78096	0.43379
2.50000	4.79200	22.49923	0.43437
2.50000	4.82400	22.08328	0.42267
2.50000	4.85600	20.45134	0.44043
2.50000	4.88800	21.80905	0.44031
2.50000	4.92000	20.82131	0.45062
2.50000	4.95200	21.59414	0.44713
2.50000	4.98400	20.38627	0.45165
2.50000	5.01600	21.10878	0.46350
2.50000	5.04800	21.63423	0.45729
2.50000	5.08000	22.37923	0.45087
2.50000	5.11200	20.92289	0.46498
2.50000	5.14400	21.22000	0.46113
2.50000	5.17600	21.17752	0.48035
2.50000	5.20800	21.21151	0.47621
2.50000	5.24000	22.29909	0.47660
2.50000	5.27200	21.76753	0.47332
2.50000	5.30400	21.41238	0.49311
2.50000	5.33600	21.14788	0.50234
2.50000	5.36800	21.52722	0.48049
2.50000	5.40000	20.48270	0.50042
2.50000	5.43200	21.19262	0.49850
2.50000	5.46400	21.34179	0.48776
2.50000	5.49600	20.83559	0.49280
2.50000	5.52800	21.38917	0.49344
2.50000	5.56000	21.55762	0.48806
2.50000	5.59200	21.27384	0.53078
2.50000	5.62400	20.58058	0.50717
2.50000	5.65600	21.12177	0.52220
2.50000	5.68800	20.16225	0.50672
2.50000	5.72000	20.65528	0.51994
2.50000	5.75200	20.70069	0.54434
2.50000	5.78400	21.33393	0.52772
2.50000	5.81600	21.31204	0.53565
2.50000	5.84800	20.79545	0.53876
2.50000	5.88000	20.81289	0.52055
2.50000	5.91200	21.22066	0.55079
2.50000	5.94400	20.72583	0.55591
2.50000	5.97600	19.71147	0.54246
2.50000	6.00800	20.17037	0.56965
2.50000	6.04000	20.16750	0.55634
2.50000	6.07200	20.48450	0.58682
2.50000	6.10400	20.35840	0.58893
2.50000	6.13600	20.76625	0.57151
2.50000	6.16800	20.50758	0.56474
2.50000	6.20000	19.80161	0.56957
2.50000	6.23200	20.29851	0.60592
2.50000	6.26400	20.59185	0.56669
2.50000	6.29600	21.50520	0.56738
2.50000	6.32800	21.08321	0.56927
2.50000	6.36000	20.51005	0.56489
2.50000	6.39200	20.61726	0.60005
2.50000	6.42400	20.63907	0.60408
2.50000	6.45600	20.41002	0.62646
2.50000	6.48800	21.04777	0.62929
2.50000	6.52000	20.07872	0.63402
2.50000	6.55200	21.53884	0.64069
2.50000	6.58400	20.69627	0.63400
2.50000	6.61600	20.01366	0.64675
2.50000	6.64800	20.69580	0.60116
2.50000	6.68000	21.07407	0.65017
2.50000	6.71200	21.14638	0.62075
2.50000	6.74400	20.70655	0.59234
2.50000	6.77600	20.35315	0.65989
2.50000	6.80800	20.88382	0.65695
2.50000	6.84000	20.27154	0.68128
2.50000	6.87200	19.13558	0.67161
2.50000	6.90400	19.58753	0.68868
2.50000	6.93600	20.41773	0.71506
2.50000	6.96800	20.30481	0.66724
2.50000	7.00000	20.07689	0.63799
2.50000	7.03200	21.07495	0.66151
2.50000	7.06400	20.15465	0.70620
2.50000	7.09600	20.66937	0.64702
2.50000	7.12800	19.73722	0.67539
2.50000	7.16000	20.39579	0.67993
2.50000	7.19200	19.98626	0.68268
2.50000	7.22400	21.29265	0.73751
2.50000	7.25600	18.93445	0.71741
2.50000	7.28800	19.83969	0.74988
2.50000	7.32000	19.83424	0.71729
2.50000	7.35200	19.27088	0.76327
2.50000	7.38400	19.89797	0.76944
2.50000	7.41600	20.65597	0.71942
2.50000	7.44800	18.54133	0.69761
2.50000	7.48000	19.67589	0.69498
2.50000	7.51200	20.05175	0.72059
2.50000	7.54400	19.87195	0.76391
2.50000	7.57600	20.93630	0.73395
2.50000	7.60800	19.83093	0.76376
2.50000	7.64000	20.88420	0.74908
2.50000	7.67200	20.03128	0.77356
2.50000	7.70400	17.75862	0.80897
2.50000	7.73600	19.44981	0.73472
2.50000	7.76800	19.90684	0.77790
2.50000	7.80000	19.88648	0.80874
2.50000	7.83200	18.83095	0.77160
2.50000	7.86400	20.17658	0.81251
2.50000	7.89600	19.79384	0.77383
2.50000	7.92800	18.41584	0.79729
2.50000	7.96000	19.27864	0.76133
2.50000	7.99200	19.35387	0.87579
2.50000	8.02400	19.73749	0.83483
2.50000	8.05600	19.68274	0.85021
2.50000	8.08800	19.16628	0.84345
2.50000	8.12000	19.07388	0.89097
2.50000	8.15200	20.32555	0.80624
2.50000	8.18400	21.08092	0.90873
2.50000	8.21600	19.38229	0.83552
2.50000	8.24800	19.38624	0.88870
2.50000	8.28000	19.21299	0.85865
2.50000	8.31200	19.10411	0.87240
2.50000	8.34400	17.83571	0.87664
2.50000	8.37600	19.27757	0.86659
2.50000	8.40800	19.10779	0.85082
2.50000	8.44000	19.23373	0.87710
2.50000	8.47200	20.06251	0.90075
2.50000	8.50400	18.45796	0.91232
2.50000	8.53600	19.33177	0.99723
2.50000	8.56800	20.22543	0.90261
2.50000	8.60000	18.94349	0.95794
2.50000	8.63200	17.98525	0.84013
2.50000	8.66400	19.15685	0.99818
2.50000	8.69600	21.17599	0.94858
2.50000	8.72800	18.72791	0.94549
2.50000	8.76000	18.70345	0.94525
2.50000	8.79200	20.36104	1.01848
2.50000	8.82400	18.88263	0.82998
2.50000	8.85600	20.70062	0.92482
2.50000	8.88800	18.94391	1.03996
2.50000	8.92000	19.44690	0.96956
2.50000	8.95200	20.43555	0.96581
2.50000	8.98400	18.70541	1.04522
2.50000	9.01600	18.88192	0.97969
2.50000	9.04800	19.50147	1.06370
2.50000	9.08000	20.98891	0.99618
2.50000	9.11200	18.15731	1.01243
2.50000	9.14400	19.75686	0.92852
2.50000	9.17600	17.90743	1.03577
2.50000	9.20800	18.95440	1.08076
2.50000	9.24000	20.05151	1.09136
2.50000	9.27200	17.77827	1.23242
2.50000	9.30400	20.07881	1.06042
2.50000	9.33600	20.61850	1.04848
2.50000	9.36800	19.40301	1.11814
2.50000	9.40000	18.31626	1.04445
2.50000	9.43200	19.56086	1.08542
2.50000	9.46400	20.19984	1.12014
2.50000	9.49600	18.64942	1.16451
2.50000	9.52800	17.91232	1.26146
2.50000	9.56000	19.79435	1.31350
2.50000	9.59200	20.21217	1.06093
2.50000	9.62400	18.67288	1.29176
2.50000	9.65600	18.81501	1.14815
2.50000	9.68800	14.71809	1.19964
2.50000	9.72000	20.27716	1.01769
2.50000	9.75200	19.53510	1.46366
2.50000	9.78400	16.73245	1.13812
2.50000	9.81600	19.25060	1.27215
2.50000	9.84800	17.79258	1.24729
2.50000	9.88000	20.44014	1.13450
2.50000	9.91200	18.80963	1.28611
2.50000	9.94400	18.35316	1.21869
2.50000	9.97600	17.93103	1.17710
2.50000	10.00800	17.26190	1.30747
2.50000	10.04000	18.26686	1.16625
2.50000	10.07200	18.76579	1.21430
2.50000	10.10400	19.99402	1.26145
2.50000	10.13600	17.97995	1.25397
2.50000	10.16800	17.04057	1.42335
2.50000	10.20000	17.26082	1.24320
2.50000	10.23200	17.96281	1.36336
2.50000	10.26400	19.68733	1.34463
2.50000	10.29600	18.48633	1.28143
2.50000	10.32800	19.21836	1.13959
2.50000	10.36000	17.96954	1.18462
2.50000	10.39200	16.56361	1.31539
2.50000	10.42400	19.28448	1.32147
2.50000	10.45600	18.40029	1.23159
2.50000	10.48800	18.15105	1.32829
2.50000	10.52000	14.54815	1.33529
2.50000	10.55200	16.96385	1.30262
2.50000	10.58400	16.30260	1.25625
2.50000	10.61600	16.38087	1.51778
2.50000	10.64800	19.28978	1.50924
2.50000	10.68000	17.03491	1.37367
2.50000	10.71200	18.20110	1.35327
2.50000	10.74400	15.59031	1.27580
2.50000	10.77600	17.58778	1.32337
2.50000	10.80800	16.65476	1.62264
2.50000	10.84000	17.37375	1.58670
2.50000	10.87200	18.46562	1.50589
2.50000	10.90400	19.93643	1.38249
2.50000	10.93600	19.41660	1.60996
2.50000	10.96800	22.27693	1.55828
2.50000	11.00000	18.70762	1.54045
2.50000	11.03200	18.20296	1.51217
2.50000	11.06400	16.06514	1.71342
2.50000	11.09600	17.70697	1.57793
2.50000	11.12800	17.63467	1.49161
2.50000	11.16000	15.93552	1.68579
2.50000	11.19200	18.57354	1.56675
2.50000	11.22400	19.58847	1.71361
2.50000	11.25600	18.02311	1.73652
2.50000	11.28800	17.73507	1.51242
2.50000	11.32000	20.33367	1.69674
2.50000	11.35200	19.69632	1.54605
2.50000	11.38400	19.34330	1.59905
2.50000	11.41600	19.73040	1.47147
2.50000	11.44800	18.97237	1.68357
2.50000	11.48000	19.17970	1.56121
2.50000	11.51200	20.03376	1.39883
2.50000	11.54400	16.15755	1.47521
2.50000	11.57600	15.90409	1.81279
2.50000	11.60800	18.56423	1.85494
2.50000	11.64000	17.83715	1.70145
2.50000	11.67200	15.42536	1.51084
2.50000	11.70400	20.13565	1.47254
2.50000	11.73600	16.98190	1.40040
2.50000	11.76800	15.00856	1.90613
2.50000	11.80000	19.89036	2.05075
2.50000	11.83200	17.93988	2.00195
2.50000	11.86400	20.06724	2.33964
2.50000	11.89600	18.38442	1.90114
2.50000	11.92800	17.30066	1.67600
2.50000	11.96000	17.71266	1.71391
2.50000	11.99200	17.05970	1.82648
2.50000	12.02400	19.57287	1.47497
2.50000	12.05600	19.48393	2.03175
2.50000	12.08800	18.38273	2.00162
2.50000	12.12000	14.48979	2.19292
2.50000	12.15200	17.64939	1.84851
2.50000	12.18400	19.48752	1.90011
2.50000	12.21600	18.21918	1.98624
2.50000	12.24800	16.06065	2.16848
2.50000	12.28000	17.29244	2.16030
2.50000	12.31200	16.69255	1.93792
2.50000	12.34400	16.86538	1.99893
2.50000	12.37600	17.44023	2.07368
2.50000	12.40800	15.02716	1.98340
2.50000	12.44000	19.67736	2.33305
2.50000	12.47200	10.50586	2.28693
2.50000	12.50400	16.41402	2.24946
2.50000	12.53600	17.51278	2.30176
2.50000	12.56800	15.28735	2.28135
2.50000	12.60000	17.02237	2.21709
2.50000	12.63200	15.32956	1.85933
2.50000	12.66400	15.62215	2.06250
2.50000	12.69600	22.29107	2.25952
2.50000	12.72800	18.61689	2.29995
2.50000	12.76000	15.26971	1.99714
2.50000	12.79200	13.98532	1.91471
2.50000	12.82400	14.91835	2.38770
2.50000	12.85600	17.45810	2.00322
2.50000	12.88800	13.02633	2.02936
2.50000	12.92000	19.47176	2.74159
2.50000	12.95200	21.58892	1.95116
2.50000	12.98400	17.10516	2.14894
2.50000	13.01600	15.58886	2.13590
2.50000	13.04800	16.73037	1.99930
2.50000	13.08000	16.89798	1.91985
2.50000	13.11200	16.47101	2.41870
2.50000	13.14400	12.30840	1.93945
2.50000	13.17600	15.50446	3.38353
2.50000	13.20800	11.84697	2.67209
2.50000	13.24000	16.99616	3.71215
2.50000	13.27200	19.19586	1.97027
2.50000	13.30400	14.07660	2.46385
2.50000	13.33600	23.56060	3.24670
2.50000	13.36800	15.76335	2.01920
2.50000	13.40000	13.17058	2.37074
2.50000	13.43200	17.69812	3.17271
2.50000	13.46400	16.14590	2.92125
2.50000	13.49600	11.54915	2.43835
2.50000	13.52800	14.19815	2.66203
2.50000	13.56000	20.32144	3.01228
2.50000	13.59200	19.60946	3.22719
2.50000	13.62400	14.09272	2.99641
2.50000	13.65600	11.71327	4.29385
2.50000	13.68800	18.37753	4.16839
2.50000	13.72000	17.13209	2.14014
2.50000	13.75200	11.79021	2.93841
2.50000	13.78400	13.39973	3.21528
2.50000	13.81600	19.52926	3.03591
2.50000	13.84800	15.23774	2.56862
2.50000	13.88000	16.25620	4.81843
2.50000	13.91200	14.02736	2.20985
2.50000	13.94400	12.54483	2.66410
2.50000	13.97600	14.57367	2.44147
2.50000	14.00800	20.78248	3.02120
2.50000	14.04000	19.22058	2.80899
2.50000	14.07200	18.00406	2.53530
2.50000	14.10400	16.35419	2.06323
2.50000	14.13600	16.09983	2.46525
2.50000	14.16800	15.25997	2.11275
2.50000	14.20000	14.16725	2.40496
2.50000	14.23200	16.71454	2.73554
2.50000	14.26400	16.14946	2.97074
2.50000	14.29600	17.01180	3.61612
2.50000	14.32800	16.49866	3.41038
2.50000	14.36000	16.50811	3.24925
2.50000	14.39200	14.86243	2.82648
2.50000	14.42400	17.49548	2.23526
2.50000	14.45600	14.64501	2.27138
2.50000	14.48800	16.45526	3.42483
2.50000	14.52000	18.98601	4.30587
2.50000	14.55200	10.64426	3.50063
2.50000	14.58400	14.11285	5.51689
2.50000	14.61600	14.13301	4.16479
2.50000	14.64800	15.41121	2.22871
2.50000	14.68000	21.11102	3.23410
2.50000	14.71200	17.11868	3.12632
2.50000	14.74400	18.40916	3.08818
2.50000	14.77600	19.97758	3.19765
2.50000	14.80800	11.36725	4.53254
2.50000	14.84000	19.81909	4.77202
2.50000	14.87200	21.23526	3.73143
2.50000	14.90400	17.42795	4.94936
2.50000	14.93600	15.31000	3.11248
2.50000	14.96800	16.58927	2.31826
2.50000	15.00000	16.70799	2.97926
2.50000	15.03200	15.19133	4.20550
2.50000	15.06400	7.27226	3.78464
2.50000	15.09600	23.14142	4.42466
2.50000	15.12800	21.75778	8.28654
2.50000	15.16000	18.01712	7.35972
2.50000	15.19200	16.17251	3.91898
2.50000	15.22400	10.91649	3.47690
2.50000	15.25600	11.56648	2.48884
2.50000	15.28800	13.26045	3.04664
2.50000	15.32000	11.34121	2.43567
2.50000	15.35200	22.08216	5.11806
2.50000	15.38400	16.57310	3.62727
2.50000	15.41600	15.24236	2.73888
2.50000	15.44800	19.01848	4.88072
2.50000	15.48000	12.41390	4.02106
2.50000	15.51200	13.29690	4.50129
2.50000	15.54400	13.91258	2.42187
2.50000	15.57600	19.84541	3.14188
2.50000	15.60800	22.01533	5.86517
2.50000	15.64000	15.08396	3.13733
2.50000	15.67200	14.77200	2.80797
2.50000	15.70400	16.91057	5.70624
2.50000	15.73600	15.06433	3.47377
2.50000	15.76800	16.06970	4.57144
2.50000	15.80000	22.25813	4.88093
2.50000	15.83200	18.35794	3.51015
2.50000	15.86400	6.39340	7.54267
2.50000	15.89600	27.27203	10.48520
2.50000	15.92800	13.09482	2.81248
2.50000	15.96000	15.65762	4.45119
2.50000	15.99200	19.87000	5.59031
2.50000	16.02400	8.53733	7.63664
2.50000	16.05600	17.38400	3.56507
2.50000	16.08800	22.83447	4.82215
2.50000	16.12000	19.29728	3.14462
2.50000	16.15200	9.06941	5.19252
2.50000	16.18400	23.89727	3.89479
2.50000	16.21600	18.76612	7.80982
2.50000	16.24800	18.18989	10.51049
2.50000	16.28000	18.47044	8.39216
2.50000	16.31200	15.41907	3.17683
2.50000	16.34400	19.12984	4.18639
2.50000	16.37600	17.51270	3.40352
2.50000	16.40800	19.76243	3.31615
2.50000	16.44000	29.89956	11.10579
2.50000	16.47200	18.50691	3.22873
2.50000	16.50400	16.53662	4.81104
2.50000	16.53600	20.52452	4.81387
2.50000	16.56800	7.60891	6.95477
2.50000	16.60000	13.50581	3.30712
2.50000	16.63200	14.95732	4.80988
2.50000	16.66400	21.41173	2.66516
2.50000	16.69600	16.46743	5.56021
2.50000	16.72800	77.47749	112.75163
2.50000	16.76000	16.33668	3.77059
2.50000	16.79200	26.71925	10.78965
2.50000	16.82400	14.91731	4.40748
2.50000	16.85600	16.22466	9.51130
2.50000	16.88800	11.76503	4.05983
2.50000	16.92000	2.60694	10.50653
2.50000	16.95200	22.36153	4.37098
2.50000	16.98400	16.27943	4.52939
2.50000	17.01600	22.08759	4.31954
2.50000	17.04800	20.49157	10.46627
2.50000	17.08000	15.99405	9.56879
2.50000	17.11200	15.33143	3.57568
2.50000	17.14400	5.57758	10.93367
2.50000	17.17600	18.72993	4.88808
2.50000	17.20800	13.47610	3.36460
2.50000	17.24000	27.83055	7.71564
2.50000	17.27200	13.87698	6.31041
2.50000	17.30400	10.35217	6.17385
2.50000	17.33600	23.78120	4.19389
2.50000	17.36800	16.14339	5.56609
2.50000	17.40000	-14.44846	14.40897
2.50000	17.43200	14.79611	6.67823
2.50000	17.46400	8.71861	8.64731
2.50000	17.49600	27.09326	6.40111
2.50000	17.52800	5.03460	10.96733
2.50000	17.56000	29.96282	9.38192
2.50000	17.59200	13.92959	4.18821
2.50000	17.62400	34.66472	10.61263
2.50000	17.65600	6.32607	9.75721
2.50000	17.68800	19.67385	4.47633
2.50000	17.72000	11.17144	3.70583
2.50000	17.75200	15.73314	5.24135
2.50000	17.78400	26.61443	-27.36980
2.50000	17.81600	16.04320	4.61482
2.50000	17.84800	6.21867	11.68581
2.50000	17.88000	17.01383	8.98760
2.50000	17.91200	8.24767	6.48169
2.50000	17.94400	1.46112	5.53310
2.50000	17.97600	12.45331	9.36257
2.50000	18.00800	-6.86113	27.21811
2.50000	18.04000	16.67824	3.83440
2.50000	18.07200	14.95617	7.60455
2.50000	18.10400	12.39823	8.73866
2.50000	18.13600	13.62995	4.37503
2.50000	18.16800	14.00286	4.30148
2.50000	18.20000	32.45588	11.54719
2.50000	18.23200	16.54496	8.01705
2.50000	18.26400	-4.69625	18.37043
2.50000	18.29600	9.43488	4.66237
2.50000	18.32800	25.77225	12.87836
2.50000	18.36000	15.17092	4.40939
2.50000	18.39200	15.29556	8.43362
2.50000	18.42400	17.74245	6.71628
2.50000	18.45600	21.43187	5.10916
2.50000	18.48800	-15.94505	16.37320
2.50000	18.52000	10.45721	9.82234
2.50000	18.55200	11.36319	4.91304
2.50000	18.58400	13.68066	2.44066
2.50000	18.61600	9.32564	13.32954
2.50000	18.64800	14.85110	5.80491
2.50000	18.68000	14.03871	7.63235
2.50000	18.71200	12.94618	5.36402
2.50000	18.74400	27.75741	6.74853
2.50000	18.77600	13.70356	4.92636
2.50000	18.80800	22.09344	6.96630
2.50000	18.84000	14.13061	32.90009
2.50000	18.87200	16.35868	6.03858
2.50000	18.90400	16.77023	10.40778
2.50000	18.93600	16.79184	7.75878
2.50000	18.96800	32.57175	22.07442
2.50000	19.00000	12.73487	11.31263
2.50000	19.03200	-0.46683	6.53244
2.50000	19.06400	16.39534	6.22221
2.50000	19.09600	16.46102	3.65305
2.50000	19.12800	14.13726	8.30433
2.50000	19.16000	3.48923	8.89912
2.50000	19.19200	95.18577	59.61579
2.50000	19.22400	17.74125	24.91418
2.50000	19.25600	25.43442	8.94158
2.50000	19.28800	13.00498	8.45709
2.50000	19.32000	25.79423	10.18336
2.50000	19.35200	18.07920	30.04180
2.50000	19.38400	15.71159	5.00914
2.50000	19.41600	16.99076	5.56167
2.50000	19.44800	46.88692	36.86468
2.50000	19.48000	-0.65519	7.21293
2.50000	19.51200	6.79164	18.18546
2.50000	19.54400	94.74662	91.18455
2.50000	19.57600	19.44048	5.89081
2.50000	19.60800	12.64255	5.69927
2.50000	19.64000	9.56595	4.19594
2.50000	19.67200	54.03140	22.27601
2.50000	19.70400	20.29176	4.28720
2.50000	19.73600	16.09526	18.64762
2.50000	19.76800	-10.10637	23.84711
2.50000	19.80000	6.98441	36.47744
2.50000	19.83200	20.27524	6.08462
2.50000	19.86400	8.50861	11.62017
2.50000	19.89600	24.42263	6.41018
2.50000	19.92800	24.65659	5.31111
2.50000	19.96000	10.56999	37.44248
2.50000	19.99200	-1.98277	6.80812
2.50000	20.02400	13.51442	9.76878
2.50000	20.05600	47.29198	31.23754
2.50000	20.08800	-23.84622	-32.51829
2.50000	20.12000	-9.53572	89.62241
2.50000	20.15200	28.78644	103.09918
2.50000	20.18400	17.18402	5.58676
2.50000	20.21600	11.50637	8.34845
2.50000	20.24800	34.77410	21.42532
2.50000	20.28000	-4.72494	15.58729
2.50000	20.31200	-3.39671	-29.63843
2.50000	20.34400	7.55262	16.83914
2.50000	20.37600	10.08324	17.72015
2.50000	20.40800	16.61522	-84.61295
2.50000	20.44000	-26.39604	49.71651
2.50000	20.47200	-9.98508	88.68098
2.50000	20.50400	10.17456	10.10431
2.50000	20.53600	12.47195	27.28551
2.50000	20.56800	6.10413	6.05954
2.50000	20.60000	10.21818	5.83749
2.50000	20.63200	-93.64928	84.04627
2.50000	20.66400	10.88765	3.12442
2.50000	20.69600	10.27292	9.32718
2.50000	20.72800	-2.12297	92.00856
2.50000	20.76000	21.44315	10.10300
2.50000	20.79200	12.15904	13.59308
2.50000	20.82400	3.61126	5.43860
2.50000	20.85600	-inf	inf
2.50000	20.88800	inf	inf
2.50000	20.92000	17.20617	7.69401
2.50000	20.95200	13.70578	-13.61893
2.50000	20.98400	25.77296	21.48494
2.50000	21.01600	22.49295	9.73263
2.50000	21.04800	21.03288	16.02695
2.50000	21.08000	20.80148	8.96884
2.50000	21.11200	8.90751	4.73074
2.50000	21.14400	16.02517	-9.69533
2.50000	21.17600	-8.85714	39.67290
2.50000	21.20800	1.98429	-15.98101
2.50000	21.24000	2.37392	-15.96567
2.50000	21.27200	38.40974	-26.68965
2.50000	21.30400	15.12942	10.58226
2.50000	21.33600	11.61317	7.83996
2.50000	21.36800	-110.77026	73.28148
2.50000	21.40000	29.76366	9.00859
2.50000	21.43200	7.86911	4.17885
2.50000	21.46400	-7.33395	37.06707
2.50000	21.49600	29.79524	8.31734
2.50000	21.52800	107.60408	70.53402
2.50000	21.56000	9.48405	8.54867
2.50000	21.59200	2.62992	13.87823
2.50000	21.62400	21.31279	30.52117
2.50000	21.65600	3.25183	8.95510
2.50000	21.68800	27.43801	67.72601
2.50000	21.72000	3.24716	7.09564
2.50000	21.75200	20.68532	5.92007
2.50000	21.78400	13.40176	6.67107
2.50000	21.81600	64.80951	34.28851
2.50000	21.84800	-5.68082	-6.97672
2.50000	21.88000	58.68425	-25.73652
2.50000	21.91200	32.04506	32.93285
2.50000	21.94400	42.35338	-11.52515
2.50000	21.97600	17.68854	-8.44265
2.50000	22.00800	19.99716	8.62053
2.50000	22.04000	-inf	inf
2.50000	22.07200	inf	inf
2.50000	22.10400	1.23256	7.44072
2.50000	22.13600	24.03916	7.43358
2.50000	22.16800	3.27962	6.31184
2.50000	22.20000	3.09881	11.43698
2.50000	22.23200	10.74612	2.17542
2.50000	22.26400	19.35071	6.29151
2.50000	22.29600	12.87512	27.00228
2.50000	22.32800	6.04744	16.19220
2.50000	22.36000	3.33416	7.89499
2.50000	22.39200	-20.05497	-55.58796
2.50000	22.42400	-2.17799	12.36127
2.50000	22.45600	-inf	inf
2.50000	22.48800	-28.10114	26.84720
2.50000	22.52000	24.37422	9.05068
2.50000	22.55200	-16.33281	21.87729
2.50000	22.58400	-35.14439	28.25055
2.50000	22.61600	19.46792	6.57827
2.50000	22.64800	27.83223	13.50564
2.50000	22.68000	4.55164	9.25951
2.50000	22.71200	22.52164	21.61326
2.50000	22.74400	10.26967	11.34124
2.50000	22.77600	10.99398	8.42418
2.50000	22.80800	18.11351	23.35930
2.50000	22.84000	-3.09817	25.00588
2.50000	22.87200	63.73049	45.25533
2.50000	22.90400	18.91295	8.94701
2.50000	22.93600	10.47800	6.75586
2.50000	22.96800	31.27282	-37.44031
2.50000	23.00000	5.27373	8.37066
2.50000	23.03200	-1.72123	8.35973
2.50000	23.06400	17.25900	5.46860
2.50000	23.09600	19.28771	-12.93546
2.50000	23.12800	15.80510	-6.13265
2.50000	23.16000	83.98563	-51.36613
2.50000	23.19200	52.34410	21.30426
2.50000	23.22400	inf	inf
2.50000	23.25600	10.02898	21.26340
2.50000	23.28800	-78.43078	51.16926
2.50000	23.32000	-4.78527	10.16588
2.50000	23.35200	21.85488	-13.22339
2.50000	23.38400	24.03368	13.21070
2.50000	23.41600	13.47056	15.67222
2.50000	23.44800	15.72918	7.65886
2.50000	23.48000	18.82066	8.25099
2.50000	23.51200	-5.93001	-9.74046
2.50000	23.54400	31.77867	19.13635
2.50000	23.57600	15.83658	-21.06025
2.50000	23.60800	54.27753	40.67606
2.50000	23.64000	3.91686	-44.22456
2.50000	23.67200	2.45209	11.02986
2.50000	23.70400	27.90898	9.95736
2.50000	23.73600	32.95793	11.62294
2.50000	23.76800	9.28851	8.96216
2.50000	23.80000	21.83579	-22.67437
2.50000	23.83200	-22.36289	25.78625
2.50000	23.86400	-10.98297	7.26547
2.50000	23.89600	-120.37843	43.88622
2.50000	23.92800	25.88125	22.58746
2.50000	23.96000	14.22137	5.32356
2.50000	23.99200	98.18933	-40.21016
2.50000	24.02400	3.99644	6.12042
2.50000	24.05600	12.49832	15.37419
2.50000	24.08800	3.15949	121.36723
2.50000	24.12000	14.00185	14.19241
2.50000	24.15200	7.70439	8.82913
2.50000	24.18400	9.44294	8.07856
2.50000	24.21600	-42.55438	-39.94085
2.50000	24.24800	12.26201	18.73643
2.50000	24.28000	19.50426	7.52511
2.50000	24.31200	18.11645	11.42382
2.50000	24.34400	10.81290	120.43870
2.50000	24.37600	33.12360	18.66462
2.50000	24.40800	-inf	inf
2.50000	24.44000	29.64181	31.49992
2.50000	24.47200	inf	inf
2.50000	24.50400	inf	inf
2.50000	24.53600	8.63892	14.04158
2.50000	24.56800	-30.43075	39.52129
2.50000	24.60000	3.36667	9.69327
2.50000	24.63200	7.96251	20.40352
2.50000	24.66400	10.91553	-35.58300
2.50000	24.69600	21.17502	-35.54885
2.50000	24.72800	24.45613	-31.22893
2.50000	24.76000	27.00227	31.19897
2.50000	24.79200	13.44901	8.66122
2.50000	24.82400	20.17510	6.02958
2.50000	24.85600	-inf	inf
2.50000	24.88800	-5.01376	-35.34468
2.50000	24.92000	-inf	inf
2.50000	24.95200	-42.75255	-31.01978
2.50000	24.98400	18.82696	-11.19582
2.50000	25.01600	-inf	inf
2.50000	25.04800	4.90184	9.56386
2.50000	25.08000	-3.91233	11.16362
2.50000	25.11200	-4.51452	-9.54552
2.50000	25.14400	-125.98823	117.58258
2.50000	25.17600	inf	inf
2.50000	25.20800	6.56481	-16.12920
2.50000	25.24000	inf	inf
2.50000	25.27200	73.37338	-34.93985
2.50000	25.30400	15.41513	13.72176
2.50000	25.33600	10.31058	-11.07822
2.50000	25.36800	16.10706	-16.05197
2.50000	25.40000	21.50082	13.65775
2.50000	25.43200	28.08897	116.57105
2.50000	25.46400	34.24432	116.45919
2.50000	25.49600	-12.60355	-18.04791
2.50000	25.52800	18.72029	-11.62358
2.50000	25.56000	-7.66610	25.67608
2.50000	25.59200	-15.85127	30.42988
2.50000	25.62400	inf	inf
2.50000	25.65600	8.57817	-15.91388
2.50000	25.68800	9.02671	7.21387
2.50000	25.72000	-inf	inf
2.50000	25.75200	15.02603	-25.52861
2.50000	25.78400	34.98398	-11.53465
2.50000	25.81600	-6.00673	-11.52359
2.50000	25.84800	9.76950	13.49964
2.50000	25.88000	12.98989	-30.16810
2.50000	25.91200	31.66554	30.13915
2.50000	25.94400	16.18667	9.31021
2.50000	25.97600	inf	inf
2.50000	26.00800	29.07759	-11.45740
2.50000	26.04000	-28.66636	114.46406
2.50000	26.07200	-inf	inf
2.50000	26.10400	-10.29807	-29.96605
2.50000	26.13600	7.31088	29.93729
2.50000	26.16800	-inf	inf
2.50000	26.20000	-inf	inf
2.50000	26.23200	-0.92164	9.23012
2.50000	26.26400	inf	inf
2.50000	26.29600	-3.78080	29.79394
2.50000	26.32800	-inf	inf
2.50000	26.36000	-7.62199	25.06719
2.50000	26.39200	-inf	inf
2.50000	26.42400	52.46331	25.01910
2.50000	26.45600	34.06246	-11.30444
2.50000	26.48800	inf	inf
2.50000	26.52000	111.89111	112.82759
2.50000	26.55200	-3.61645	10.68137
2.50000	26.58400	36.50786	24.89930
2.50000	26.61600	138.56675	112.50312
2.50000	26.64800	4.37782	24.85154
2.50000	26.68000	14.52246	-13.16686
2.50000	26.71200	151.16803	112.17957
2.50000	26.74400	4.08931	-15.40283
2.50000	26.77600	-13.30854	-11.19644
2.50000	26.80800	25.47923	-11.18570
2.50000	26.84000	-inf	inf
2.50000	26.87200	152.57116	111.64240
2.50000	26.90400	-inf	inf
2.50000	26.93600	9.20356	-11.14283
2.50000	26.96800	9.59162	-11.13213
2.50000	27.00000	-12.35092	-24.59049
2.50000	27.03200	inf	inf
2.50000	27.06400	inf	inf
2.50000	27.09600	inf	inf
2.50000	27.12800	19.42524	24.49624
2.50000	27.16000	-15.95724	12.97861
2.50000	27.19200	-inf	inf
2.50000	27.22400	326.00408	110.46966
2.50000	27.25600	76.51253	110.36366
2.50000	27.28800	57.75329	110.25776
2.50000	27.32000	20.83458	-28.89259
2.50000	27.35200	-34.66007	28.86486
2.50000	27.38400	-8.39295	24.30883
2.50000	27.41600	-72.61637	109.83518
2.50000	27.44800	26.26955	-10.97298
2.50000	27.48000	25.46673	-12.85461
2.50000	27.51200	-7.46096	-24.21566
2.50000	27.54400	-9.45949	-24.19243
2.50000	27.57600	8.80431	-10.93092
2.50000	27.60800	inf	inf
2.50000	27.64000	-109.84353	109.09957
2.50000	27.67200	19.87234	-24.09971
2.50000	27.70400	25.92266	-10.88903
2.50000	27.73600	6.80428	-24.05348
2.50000	27.76800	22.10095	-24.03040
2.50000	27.80000	-1.90091	-10.85771
2.50000	27.83200	26.10580	-10.84730
2.50000	27.86400	-inf	inf
2.50000	27.89600	-inf	inf
2.50000	27.92800	-41.29353	108.16101
2.50000	27.96000	inf	inf
2.50000	27.99200	inf	inf
2.50000	28.02400	38.50478	-10.78500
2.50000	28.05600	33.60832	-23.82367
2.50000	28.08800	-17.45046	32.10937
2.50000	28.12000	10.15077	-10.75398
2.50000	28.15200	-152.59513	107.43660
2.50000	28.18400	-51.36558	107.33351
2.50000	28.21600	inf	inf
2.50000	28.24800	9.97427	-10.71276
2.50000	28.28000	14.17507	-10.70248
2.50000	28.31200	-1.65898	12.53773
2.50000	28.34400	6.17913	-10.68195
2.50000	28.37600	19.40001	-10.67170
2.50000	28.40800	177.09297	106.61465
2.50000	28.44000	14.70854	-10.65123
2.50000	28.47200	-18.10805	-10.64101
2.50000	28.50400	23.96417	-10.63080
2.50000	28.53600	-2.22974	-14.59664
2.50000	28.56800	1.02640	-12.44181
2.50000	28.60000	inf	inf
2.50000	28.63200	inf	inf
2.50000	28.66400	16.25579	-10.57990
2.50000	28.69600	-inf	inf
2.50000	28.72800	-inf	inf
2.50000	28.76000	-inf	inf
2.50000	28.79200	inf	inf
2.50000	28.82400	inf	inf
2.50000	28.85600	17.62623	-10.51913
2.50000	28.88800	-7.86984	-10.50904
2.50000	28.92000	23.55176	-10.49896
2.50000	28.95200	23.10236	-10.48888
2.50000	28.98400	-inf	inf
2.50000	29.01600	-inf	inf
2.50000	29.04800	inf	inf
2.50000	29.08000	13.12689	-10.44868
2.50000	29.11200	inf	inf
